0 0.23052030407532043 0.4299498688782012 0.15607211248679284 0.049063348400515495
0 0.47180420211524726 0.4331777207466561 0.1004602103363264 0.04260764466360555
0 0.7857423594162672 0.4325321503729651 0.12198739826553918 0.05422791139004346
0 0.5623977846506846 0.4957980469946824 0.09507841335402312 0.03873422242145964
0 0.7059123708454365 0.49321576549991847 0.026908984911516002 0.0284050964424037
0 0.7453788820489933 0.5519626695057989 0.1094298719734985 0.04777220765313338
0 0.7740817992879436 0.7430515001183327 0.15607211248679292 0.0451899261583695
0 0.7570394421773169 0.8198743745875606 0.35878646548688004 0.049063348400515426
0 0.8287967352746919 0.8644187303722382 0.1040480749911949 0.05551905213742696
0 0.7202638294649116 0.8695832933617672 0.09866627800889219 0.042607644663605414
0 0.6915609122259613 0.9418986663678106 0.19195075903548073 0.043898785410987386
