0 0.3862294178245868 0.28017754218189084 0.12965621118461307 0.0284050964424037
0 0.20087582014517522 0.2788864014345089 0.12417777972610831 0.023240533452875738
0 0.2784869324739929 0.3789498093566127 0.0821764718775717 0.032278518684549624
0 0.25657320663997374 0.41703846140438133 0.12235163590660672 0.025822814947639685
0 0.4337091571316283 0.06391146699540828 0.031044444931527054 0.0193671112107298
0 0.3761856268173281 0.5364804716898672 0.12417777972610829 0.028405096442403775
0 0.3579241886223122 0.5752146941113268 0.14609150556012737 0.03098737793716765
0 0.21183268306218472 0.6946452132441604 0.31774902459327714 0.029696237189785677
0 0.30770523358601837 0.7533921172500407 0.031044444931527054 0.023240533452875668
0 0.3195751684127787 0.8457086806878525 0.2045281077841784 0.03227851868454934
0 0.3414888942467978 0.8863796142303851 0.1935712448671688 0.028405096442403986
