0 0.21621204212661924 0.15258936105423468 0.027239312393904775 0.018780229052828865
0 0.2740955809636668 0.15317624321213558 0.02723931239390481 0.017606464737027084
0 0.37028440285464315 0.1537631253700365 0.02213194132004773 0.016432700421225254
0 0.42901917020400004 0.157284418317442 0.030644226443142908 0.028170343579243154
0 0.5899013590305011 0.1273534282644961 0.028941769418524735 0.019953993368630345
0 0.5252079920949766 0.15376312537003647 0.022131941320047588 0.02112775768443246
0 0.578835388370477 0.15493688968583819 0.023834398344667253 0.021127757684432473
0 0.6809828098476196 0.15493688968583824 0.01702457024619065 0.021127757684432476
0 0.7550396904185481 0.1314616033698022 0.0425614256154762 0.021127757684432515
0 0.732056520586191 0.15258936105423465 0.034049140492381016 0.02347528631603609
0 0.9380538205650959 0.031104754368747836 0.105552335526381 0.02699657926344152
0 0.3089959499683574 0.22008080921283849 0.07661056610785724 0.03169163652664874
0 0.2749468094759764 0.19308422994939697 0.03234668346776193 0.017606464737027067
0 0.42646548466707174 0.19308422994939697 0.03234668346776196 0.022301522000234292
0 0.44944865449942895 0.17606464737027078 0.030644226443142842 0.011737643158018046
0 0.3983749437608574 0.33041465489820815 0.030644226443142842 0.019953993368630733
0 0.39752371524854796 0.3591718806353523 0.039156511566238165 0.021127757684432494
0 0.4060360003716431 0.3896897528461993 0.02894176941852372 0.02347528631603609
0 0.40518477185933366 0.4213813893728481 0.030644226443142842 0.02347528631603609
0 0.40348231483471464 0.4513123794257941 0.02383439834466664 0.019953993368630733
0 0.402631086322405 0.47889584084713654 0.03234668346776189 0.021127757684432567
0 0.8290965709894768 0.3292408905824064 0.04085896859085722 0.022301522000234292
0 0.8265428854525482 0.35682435200374873 0.02894176941852365 0.023475286316036233
0 0.8282453424771674 0.3896897528461993 0.03234668346776189 0.021127757684432424
0 0.8282453424771673 0.4178600964254426 0.02894176941852379 0.023475286316036018
0 0.8231379714033102 0.44661732216258687 0.042561425615476337 0.024649050631837994
0 0.8273941139648576 0.4753745478997311 0.027239312393904667 0.021127757684432494
0 0.8265428854525482 0.5041317736368753 0.02553685536928569 0.026996579263441588
0 0.8248404284279292 0.5375840566372269 0.0425614256154762 0.023475286316036018
0 0.8282453424771673 0.5669281645322721 0.035751597516999994 0.018780229052828848
0 0.40773845739626224 0.5064793022684789 0.02894176941852386 0.02230152200023447
0 0.3992261722731669 0.5369971744793258 0.039156511566238096 0.02699657926344152
0 0.4017798578100955 0.5657544002164702 0.03745405454161897 0.021127757684432567
0 0.3966724867362384 0.5968591545852179 0.027239312393904667 0.017606464737026997
0 0.8299477995017855 0.5898165686904072 0.028941769418523777 0.022301522000234456
0 0.834203942063334 0.6238557338486593 0.044263882640095176 0.02464905063183785
0 0.8282453424771674 0.6543736060595063 0.03234668346776189 0.024649050631837924
0 0.8282453424771673 0.6837177139545514 0.035751597516999994 0.022301522000234258
0 0.8256916569402386 0.7136487040074975 0.03064422644314277 0.02347528631603609
0 0.8273941139648576 0.74123216542884 0.040858968590857074 0.026996579263441445
0 0.8222867428909997 0.7688156268501827 0.034049140492381016 0.02582281494763989
0 0.8222867428910006 0.801094145534732 0.034049140492381016 0.024649050631838067
0 0.8222867428910006 0.8280907247981736 0.04426388264009546 0.026996579263441588
0 0.40092862929778605 0.6256163803223621 0.04256142561547627 0.02347528631603609
0 0.40433354334702415 0.6561342525332091 0.04596633966471422 0.025822814947639616
0 0.39667248673623845 0.6884127712177588 0.030644226443142842 0.024649050631837924
0 0.40092862929778605 0.7177568791128038 0.02553685536928576 0.024649050631838067
0 0.4043335433470241 0.747100987007849 0.03234668346776189 0.024649050631837782
0 0.40007740078547643 0.7758582127449932 0.04085896859085714 0.021127757684432567
0 0.3983749437608574 0.8046154384821373 0.03404914049238094 0.0223015220002344
0 0.4000774007854765 0.837480839324588 0.03745405454161897 0.026996579263441445
