0 0.10828311522835747 0.22589792060491493 0.07218874348557165 0.054820415879016975
0 0.24062914495190552 0.2873345935727788 0.06416777198717483 0.05293005671077505
0 0.3970380891706441 0.22400756143667294 0.08288337215010082 0.06238185255198484
0 0.5293841188941921 0.25614366729678645 0.058820457654910285 0.0510396975425331
0 0.7004981775266583 0.18147448015122872 0.0909043436484977 0.060491493383742906
0 0.8381915215824708 0.1776937618147448 0.06684142915330725 0.05293005671077504
0 0.10159897231302678 0.5803402646502837 0.06951508631943938 0.05671077504725901
0 0.24597645928417008 0.5160680529300568 0.08555702931623305 0.05293005671077495
0 0.3863434605061149 0.5179584120982986 0.07218874348557165 0.05293005671077509
0 0.5333946046433905 0.47920604914933834 0.06684142915330703 0.04347826086956523
0 0.6817825773637323 0.47258979206049145 0.06951508631943938 0.049149338374291036
0 0.8341810358332725 0.5122873345935728 0.0695150863194394 0.056710775047259014
0 0.09625165798076221 0.7693761814744801 0.06951508631943938 0.05671077504725886
0 0.24597645928417008 0.7665406427221171 0.05882045765491025 0.05103969754253299
0 0.37965931759078425 0.7693761814744801 0.06416777198717483 0.06049149338374292
0 0.5480997190571181 0.771266540642722 0.07486240065170392 0.05293005671077495
0 0.6857930631129306 0.8062381852551985 0.07218874348557165 0.054820415879016905
0 0.8328442072502062 0.8374291115311905 0.07218874348557207 0.04914933837429116
