0 0.3019519669740036 0.16068052930056712 0.09166398997425106 0.04914933837429112
0 0.7562279172875717 0.16257088846880907 0.10514398849987615 0.041587901701323274
0 0.30060396712144105 0.23062381852551983 0.08896799026912605 0.045368620037807166
0 0.7548799174350092 0.23629489603024573 0.09705598938450109 0.04536862003780712
0 0.2979079674163161 0.3100189035916824 0.09435998967937614 0.05293005671077502
0 0.7697079158131968 0.3034026465028355 0.10514398849987629 0.0510396975425331
0 0.30734396638425365 0.37901701323251413 0.1078399882050013 0.03969754253308125
0 0.7656639162555092 0.3695652173913044 0.12401598643575142 0.03969754253308132
0 0.7562279172875717 0.4480151228733459 0.12131998673062654 0.049149338374291106
0 0.30599596653169114 0.4508506616257089 0.10514398849987629 0.04725897920604907
0 0.22511597537794018 0.6323251417769375 0.04043999557687546 0.032136105860113486
0 0.6861319249543207 0.6257088846880908 0.035047996166625524 0.03402646502835537
0 0.21567997641000258 0.7013232514177693 0.03774399587175047 0.03780718336483929
0 0.6861319249543207 0.7041587901701323 0.0458319949871256 0.03969754253308125
0 0.21567997641000253 0.7741020793950851 0.04852799469225058 0.02835538752362936
0 0.568855937781382 0.7722117202268428 0.043135995282000524 0.03591682419659731
0 0.11323198761525136 0.8421550094517959 0.0323519964615004 0.02835538752362936
0 0.5836839361595695 0.8412098298676749 0.0566159938076256 0.04536862003780726
0 0.5890759355698195 0.9206049149338376 0.04583199498712553 0.04536862003780712
0 0.12131998673062645 0.9158790170132326 0.04313599528200051 0.035916824196597336
