0 0.8864461886751721 0.20742750664324203 0.014194226415603452 0.024144331976043105
0 0.8626201657632663 0.34945298885526016 0.015208099731003694 0.024144331976043085
0 0.8474120660322639 0.20387686958794013 0.015208099731003734 0.031245606086644916
0 0.5751870808472952 0.3913505061078053 0.024332959569605368 0.08237477968297108
0 0.8854323153597718 0.6292431888129367 0.014194226415603452 0.024144331976043248
0 0.8322039663012588 0.6242722969355161 0.0152080997310037 0.02556458679816316
0 0.7632605808540418 0.6342140806903573 0.0152080997310037 0.031245606086644315
0 0.6740397290988198 0.6278229339908167 0.015208099731003838 0.02698484162028349
0 0.6015477870477022 0.6256925517576363 0.01216647978480296 0.025564586798163234
0 0.5315905282850851 0.6320836984571772 0.014194226415603452 0.024144331976043317
0 0.906723654983177 0.8067750415779598 0.01824971967720444 0.024144331976043248
0 0.8301762196704583 0.8089054238111402 0.017235846361804193 0.022724077153923047
0 0.7445039245191373 0.8067750415779598 0.01824971967720458 0.026984841620283646
0 0.6907686388029242 0.8117459334553803 0.016221973046403947 0.028405096442403563
0 0.6015477870477022 0.8181370801549213 0.020277466308005004 0.038346880197244956
0 0.5493333113045894 0.8167168253328011 0.017235846361804336 0.024144331976043248
0 0.3959175296637972 0.34725230400838514 0.025346832885006165 0.03266586090876423
0 0.36043196362478835 0.3543535781189858 0.02534683288500623 0.03834688019724495
0 0.1333243409751327 0.22582051671710932 0.025346832885006217 0.1022583471926533
0 0.13484515094823307 0.3444117943641447 0.03041619946200745 0.08095452486085054
0 0.1353520876059332 0.4338878481577163 0.025346832885006217 0.06391146699540819
0 0.05424222237391331 0.2293711537724098 0.025346832885006217 0.08947605379357164
0 0.0557630323470137 0.3344700106093033 0.032443946092807985 0.10367860201477334
0 0.06083239892401495 0.45448154307845834 0.030416199462007465 0.10225834719265334
0 0.42227823586420354 0.8295694213455778 0.02737457951580673 0.08805579897145137
0 0.3832441132212941 0.8260187842902773 0.026360706200406484 0.08947605379357157
0 0.34674467386688507 0.8331200584008782 0.03649943935440888 0.10651911165901395
0 0.3102452345124761 0.8302795487566379 0.032443946092808 0.10367860201477357
0 0.0603254622663148 0.5987780127510479 0.015208099731003726 0.024144331976043033
