0 0.14944606878607533 0.2591965050369336 0.026077837506295012 0.018463312687562416
0 0.06419160001549544 0.2932826207678181 0.016047900003873863 0.012782293399081652
0 0.3159430313262666 0.6058792868616488 0.018053887504358067 0.015622803043322121
0 0.22567359380447619 0.5945172482846873 0.030089812507263503 0.021303822331802707
0 0.22868257505520254 0.7550060431842681 0.044131725010653114 0.024144331976043248
0 0.08525446877057989 0.6825730472561388 0.02607783750629504 0.012782293399081652
0 0.7803291376883666 0.6115603061501296 0.02808382500677908 0.01846331268756245
0 0.7592662689332821 0.6790224102008383 0.02607783750629494 0.019883567509682648
0 0.6609728814095547 0.6115603061501296 0.02607783750629494 0.015622803043322192
0 0.6379040251539861 0.7152389081649031 0.028083825006779365 0.02130382233180299
