0 0.2818545146267079 0.14997890921589152 0.09580825398378214 0.04061928791263728
0 0.7452990920366309 0.15700917058538633 0.09135205612407163 0.03905700760830503
0 0.2796264156968525 0.22574950397600332 0.0958082539837821 0.054679810651627074
0 0.747527190966486 0.23121748504116602 0.09580825398378223 0.04061928791263728
0 0.7608957845456186 0.3101126404099423 0.1136330454226254 0.04218156821696944
0 0.2762842673020694 0.29605211767095246 0.12477354007190232 0.04218156821696944
0 0.285196663021491 0.37885297380055927 0.10694874863305913 0.0515552500429628
0 0.7564395866859077 0.37650955334406094 0.1047206497032036 0.046868409129966156
0 0.2840826135565633 0.4507178677998407 0.11363304542262526 0.04218156821696944
0 0.751983388826197 0.4475933071911761 0.0958082539837821 0.032807886390976294
0 0.29633715767076796 0.5202393413426236 0.11586114435248071 0.034370166695308554
0 0.7519833888261968 0.5218016216469559 0.10026445184349299 0.034370166695308485
0 0.29745120713569567 0.5897608148854067 0.09580825398378214 0.035932446999640745
0 0.7475271909664862 0.5858551141245761 0.1047206497032036 0.037494727303973005
0 0.29076691034612945 0.6670936899498509 0.10472064970320367 0.04061928791263753
0 0.39660160951426093 0.6639691293411863 0.0356495828776864 0.04374384852130163
0 0.7542114877560523 0.6663125497976848 0.0958082539837821 0.045306128825634076
0 0.29188095981105716 0.7350528831883015 0.08912395719421597 0.03280788639097608
0 0.7530974382911246 0.7358340233404678 0.08021156147479416 0.034370166695308485
0 0.28742476195134636 0.8023715415019765 0.09803635291363755 0.035932446999640745
0 0.7508693393612691 0.8054961021106408 0.09803635291363762 0.039057007608305126
0 0.29410905874091253 0.8797044165664205 0.09803635291363744 0.03437016669530834
0 0.7564395866859078 0.8742364355012577 0.08689585826436044 0.032807886390976225
0 0.7575536361508354 0.9437579090440409 0.09358015505392672 0.046868409129966156
0 0.2929950092759849 0.9484447499570373 0.1136330454226253 0.037494727303973005
