0 0.3098149239529924 0.18463312687562394 0.05085108174304434 0.03356965943193163
0 0.7062650242089492 0.25500029760794213 0.09793541669030774 0.027113955695021695
0 0.26367227570467444 0.37765866860923075 0.05650120193671597 0.032278518684549624
0 0.23165492794053535 0.5906968919272583 0.19210408658483416 0.03744308167407752
0 0.7072067109078947 0.5823044770692755 0.19398745998272474 0.04131650391622351
0 0.2523720353173312 0.6972274947389243 0.026367227570467406 0.03227851868454976
0 0.3597243189970915 0.6933540724967783 0.030133974366248567 0.024531674200257782
0 0.7137985178005115 0.6881895095072506 0.026367227570467406 0.024531674200257925
0 0.2175296274563564 0.7972909026610282 0.03578409455992009 0.028405096442403844
0 0.7015565907142229 0.7888984878030453 0.04708433494726322 0.024531674200257782
0 0.32582359783506115 0.9089745773095689 0.4746100962684129 0.04260764466360305
0 0.7768915266298443 0.9380252441256647 0.17892047279960052 0.04131650391622358
