0 0.22706909631520084 0.15364574893845628 0.05493607168916153 0.03615194092669556
0 0.59697197902222 0.17494957127025842 0.051273666909881485 0.04260764466360547
0 0.6042967885807735 0.23692432714459358 0.06958569080627197 0.0529367706426619
0 0.2316471022892976 0.2324053345287574 0.07507929797518735 0.041316503916223546
0 0.22340669153592338 0.28727881629249175 0.06592328602699375 0.03227851868454959
0 0.6262712172564409 0.2859876755451098 0.09156011948193588 0.037443081674077554
0 0.4962558475920922 0.42672201700974627 0.20143226286025886 0.05035448914789747
0 0.07874170275446479 0.48676006176300857 0.025636833454942023 0.030987377937167722
0 0.6491612471269249 0.530658847173996 0.11170334576796172 0.05164562989527944
0 0.2032634652498975 0.6830249465177225 0.20509466763953618 0.05293677064266149
0 0.6500768483217442 0.7101389022127441 0.09888492904049073 0.0451899261583695
0 0.5695039431776406 0.8657213622722734 0.3442660492520786 0.03356965943193146
0 0.3909617101878659 0.9134935699254069 0.6390896339839119 0.049063348400515565
