0 0.28537850564347145 0.15784499054820417 0.09692100191665066 0.03591682419659737
0 0.744407139720942 0.16540642722117202 0.09961325196989095 0.039697542533081304
0 0.7484455148008025 0.23251417769376181 0.10230550202313125 0.03780718336483933
0 0.744407139720942 0.30245746691871456 0.09961325196989095 0.03780718336483936
0 0.7457532647475622 0.3761814744801512 0.10230550202313125 0.03402646502835537
0 0.7551761399339031 0.4470699432892249 0.11038225218285205 0.035916824196597405
0 0.7470993897741823 0.5198487712665407 0.09422875186341031 0.03402646502835537
0 0.7390226396144614 0.5926275992438563 0.11576675228933282 0.03591682419659726
0 0.7524838898806628 0.6654064272211719 0.09422875186341031 0.030245746691871318
0 0.7551761399339031 0.7334593572778829 0.09422875186341045 0.03402646502835537
0 0.7538300149072831 0.8071833648393195 0.09153650181016999 0.03024574669187146
0 0.7484455148008025 0.8742911153119093 0.09153650181017013 0.035916824196597336
0 0.7565222649605232 0.9555765595463138 0.10769000212961188 0.04725897920604922
0 0.2840323806168513 0.22778827977315688 0.09422875186341034 0.03969754253308132
0 0.2921091307765722 0.30434782608695654 0.10499775207637158 0.041587901701323274
0 0.2894168807233319 0.3761814744801512 0.10499775207637153 0.041587901701323274
0 0.2880707556967117 0.4480151228733459 0.10230550202313121 0.05293005671077502
0 0.2934552558031923 0.5189035916824197 0.1023055020231313 0.03969754253308132
0 0.2894168807233319 0.5897920604914934 0.09961325196989095 0.049149338374291106
0 0.2948013808298125 0.6606805293005671 0.09961325196989097 0.0396975425330811
0 0.2961475058564326 0.7344045368620038 0.10769000212961193 0.04347826086956516
0 0.2934552558031923 0.8043478260869565 0.1023055020231313 0.03969754253308125
0 0.29480138082981244 0.8724007561436673 0.09422875186341038 0.03591682419659719
0 0.29749363088305275 0.9480151228733459 0.09961325196989101 0.04725897920604907
