0 0.3041102399619862 0.16351606805293006 0.11106634850785585 0.039697542533081304
0 0.7774644395549908 0.15879017013232516 0.13222184346173307 0.04536862003780721
0 0.19172167301951304 0.30812854442344045 0.08726641668474386 0.04158790170132324
0 0.49979856828535135 0.30718336483931946 0.08462197981550922 0.054820415879016975
0 0.7972977160742508 0.30529300567107753 0.13486628033096779 0.047258979206049115
0 0.17982170710795706 0.44612476370510395 0.15866621215407975 0.04536862003780719
0 0.48128751020070865 0.45368620037807184 0.1322218434617332 0.049149338374291175
0 0.8329976138089188 0.4470699432892249 0.14279959093867192 0.04347826086956523
0 0.30014358465813423 0.6247637051039697 0.09784416416168253 0.03969754253308132
0 0.8197754294627455 0.6238185255198487 0.10048860103091713 0.04536862003780712
0 0.19568832832336505 0.7750472589792059 0.08991085355397856 0.03402646502835537
0 0.5064096604584379 0.771266540642722 0.09255529042321321 0.041587901701323204
0 0.8409309244166228 0.772211720226843 0.052888737384693345 0.03969754253308125
0 0.23403266292726765 0.9139886578449906 0.09784416416168248 0.05103969754253299
0 0.5500428688008099 0.9187145557655956 0.08991085355397857 0.049149338374291036
0 0.8369642691127709 0.9196597353497166 0.15602177528484518 0.04347826086956516
