0 0.7684638263409563 0.23785266801254598 0.033330961142499255 0.03155291892569164
0 0.8203119881181817 0.3553215632955905 0.04444128152333268 0.04023551195656125
0 0.8758635900223511 0.207628192787325 0.0444412815233328 0.03307872434958238
0 0.3796026130118017 0.44931698008893095 0.05184816177722162 0.04131650391622351
0 0.48977995678839775 0.4331777207466561 0.057403321967638234 0.03744308167407766
0 0.6119934809775631 0.4331777207466561 0.03888612133291623 0.03486080017931357
0 0.48977995678839775 0.8147213027506851 0.2499822085687474 0.05293677064266149
0 0.26942526923520554 0.9367341033782828 0.07592052260236035 0.04389878541098753
0 0.5295919381530502 0.9276961181466086 0.0777722426658326 0.046481066905751475
0 0.7466274797813878 0.6442012587395083 0.036265812865254606 0.0398464324553361
0 0.7848905315725098 0.6753145970947679 0.03655685059003797 0.032351508807217294
0 0.8407259819877656 0.7336843654244265 0.037124547612219394 0.035470659696919565
0 0.8986068546348119 0.701740515442261 0.03503405220904493 0.030975434112160114
0 0.7683354542444937 0.2629417259361721 0.036677741848708506 0.03703839313574438
0 0.7733944531201777 0.3030666518332285 0.02908924353518259 0.03262906061958432
0 0.7702325788228751 0.32819984717534084 0.030353993254103387 0.03351092712281641
0 0.7664383296661123 0.35641957527876506 0.03035399325410353 0.03527466012928045
0 0.8182930681418723 0.32819984717534084 0.032883492691945265 0.03527466012928034
0 0.8201901927202536 0.29777545281383644 0.03414824241086634 0.03968399264544043
0 0.8258815664553981 0.26602825869748414 0.03288349269194555 0.04144772565190447
0 0.8821629289473816 0.24001319685213984 0.04173674072439226 0.03703839313574441
0 0.8859571781041445 0.2695557247104122 0.034148242410866204 0.029101594606656355
0 0.8777363049311576 0.2999801190719164 0.03288349269194659 0.028219728103424335
0 0.8764715552122366 0.32731798067210816 0.03541299212978766 0.04056585914867239
0 0.8758391803527766 0.3603879745433084 0.03414824241086623 0.036156526632512426
0 0.7451433568972746 0.6701784576152713 0.027176440241277078 0.032067872844800435
0 0.7404397422401304 0.6967802157706174 0.02195020173333928 0.02550853521745493
0 0.7393944945385429 0.7310345344911992 0.024040697136514383 0.02405090463360011
0 0.7404397422401304 0.7605515538142541 0.02195020173333944 0.030610242260945598
0 0.7399171183893367 0.7900685731373089 0.027176440241276936 0.04300010222370958
0 0.7425302376433055 0.8246872995038547 0.028221687942864834 0.02477971992552739
0 0.7890437603639532 0.7011531075221806 0.029266935644452163 0.0269661658013095
0 0.7874758888115718 0.7277548656775263 0.026131192539689607 0.021864458757818426
0 0.7895663842147468 0.7580007002925087 0.03240267874921514 0.032796688136727564
0 0.7921795034687159 0.7918906113671269 0.03135743104762753 0.027694981093236634
0 0.7947926227226848 0.8225008536280728 0.032402678749215 0.023322089341672837
0 0.8460097601004765 0.7620091843981085 0.03240267874921514 0.02332208934167312
0 0.8507133747576205 0.7882465349074905 0.03344792645080261 0.029152611677091187
0 0.8423513931449199 0.8225008536280728 0.02717644024127722 0.018949197590109462
0 0.907679374494144 0.7328565727210175 0.028221687942864834 0.024779719925527674
0 0.8961816497766805 0.7594583308763632 0.030312183346039915 0.024050904633600254
0 0.9029757598369998 0.7918906113671271 0.027176440241277362 0.030610242260945882
0 0.9029757598369997 0.821407630690182 0.03135743104762753 0.032796688136727564
