0 0.8159630329762655 0.16635160680529298 0.07796681369460202 0.049149338374291106
0 0.669439193446755 0.17013232514177695 0.07527830287754661 0.05671077504725901
0 0.5242596093257719 0.16351606805293006 0.0645242596093258 0.05103969754253306
0 0.3750472589792061 0.1616257088846881 0.07796681369460196 0.054820415879016995
0 0.22986767485822304 0.16351606805293006 0.08872085696282295 0.05860113421550094
0 0.08334383532871247 0.16257088846880907 0.0806553245116572 0.06427221172022685
0 0.0806553245116572 0.5935727788279773 0.06452425960932576 0.06427221172022683
0 0.22180214240705734 0.5708884688090737 0.06183574879227052 0.07183364839319474
0 0.3777357697962613 0.5756143667296787 0.07796681369460196 0.043478260869565306
0 0.5202268431001891 0.5548204158790171 0.07258979206049147 0.05860113421550096
0 0.6586851501785338 0.5283553875236295 0.06990128124343627 0.05860113421550096
0 0.8186515437933207 0.5103969754253308 0.07796681369460189 0.05671077504725901
0 0.8078975005250997 0.7608695652173912 0.09409787859693353 0.07750472589792054
0 0.676160470489393 0.7542533081285444 0.08334383532871235 0.05671077504725886
0 0.5390464188195757 0.7551984877126654 0.09409787859693353 0.05482041587901705
0 0.3750472589792061 0.7665406427221171 0.10485192186515441 0.06238185255198474
0 0.22314639781558498 0.8327032136105861 0.08065532451165719 0.062381852551984876
0 0.07662255828607437 0.8790170132325141 0.08334383532871247 0.05293005671077495
