0 0.8559608789532176 0.05183930100738673 0.16643683757423675 0.052549428418446814
0 0.3427806297659876 0.05894057511798765 0.28532029298440587 0.04402789948572572
0 0.4487850441733884 0.1548077756111001 0.06538590047559296 0.05396968324056701
0 0.8460539243357035 0.15054701114473956 0.15058571018621422 0.04544815430784592
0 0.851998097106212 0.24641421163785196 0.1307718009511862 0.03834688019724499
0 0.40420374839457496 0.2471243390489121 0.11095789171615784 0.04828866395208628
0 0.36457592992451865 0.3401510298977841 0.22984134712632687 0.044027899485725684
0 0.8133609740979069 0.33944090248672404 0.23578551989683533 0.04544815430784592
0 0.35863175715401013 0.43175746592453607 0.2536180382083608 0.059650702529047736
0 0.7816587193218619 0.43033721110241585 0.27937612021389724 0.056810192884807334
0 0.3596224526157616 0.5311753034729488 0.24371108359084662 0.07101274110600919
0 0.7400495099283028 0.5191031374849274 0.3784456663890384 0.05254942841844674
0 0.4121293120885862 0.6199412298554605 0.13869736464519725 0.04686840912996601
0 0.8024633240186415 0.622781739499701 0.2536180382083609 0.06391146699540834
0 0.3407992388424848 0.7122577932932725 0.26946916559638334 0.05538993806268721
0 0.8064261058656471 0.7101274110600921 0.22191578343231583 0.039767135019365296
0 0.8391190561034437 0.8040048345474144 0.17238101034474526 0.048288663952086495
0 0.40816653024158067 0.8018744523142343 0.1347345827981917 0.0440278994857259
0 0.3299015887632193 0.8991619076294668 0.31107837498994256 0.05396968324056701
0 0.8599236608002232 0.8906403786967458 0.13077180095118607 0.051129173596326606
