0 0.4288195245510737 0.1839229994645639 0.04796638977081358 0.03834688019724499
0 0.423063557778576 0.23221166341665014 0.044129078589148565 0.03266586090876423
0 0.6274003782022421 0.3181370801549213 0.042210422998316094 0.02840509644240374
0 0.5132403705477057 0.36713587151806765 0.04796638977081358 0.026984841620283573
0 0.6350750005655723 0.3664257441070076 0.053722356543311346 0.03692662537512483
0 0.5660033992956006 0.5922462608241169 0.046047734179981106 0.0426076446636057
0 0.6657734900188931 0.5929563882351769 0.04604773417998104 0.044027899485725754
0 0.8154286261038314 0.585144986713516 0.04604773417998104 0.04828866395208628
0 0.45855868620897816 0.6946452132441603 0.20337749262824972 0.0340861157308845
0 0.4556807028227293 0.7493250238957875 0.22448270412740767 0.055389938062687064
0 0.47582658652647114 0.7898022863262127 0.2264013597182403 0.04260764466360555
0 0.3041069111469583 0.899872035040527 0.35111397312235565 0.035506370553004415
0 0.8432491321709034 0.9474505715815531 0.13238723576744563 0.03976713501936516
