0 0.2467608277971697 0.22659520116553847 0.21307023507209485 0.05035448914789747
0 0.4253954693222534 0.21920048597598366 0.0816189789359257 0.039491833934386475
0 0.6574218364190216 0.2775952606871224 0.185753538267982 0.05164562989527879
0 0.29410976892430196 0.356354846277428 0.28955698612361613 0.05422791139004339
0 0.304227735244812 0.4046596404424379 0.08580076961592549 0.03979939544520871
0 0.6575262849037216 0.4060637650516306 0.1677513040346409 0.04518992615837063
0 0.22308635723360346 0.5313044175476869 0.23492359251538655 0.04260764466360495
0 0.6118940084121648 0.594570314169396 0.1056245609759094 0.05293677064266162
0 0.725979547391058 0.738379197848116 0.09340870705747592 0.02420207258618864
0 0.4461727144672073 0.9444809478625745 0.1566157283435912 0.05164562989527937
0 0.6319262527351875 0.9380252441256646 0.13476237090029927 0.046481066905751336
0 0.37121851734991396 0.24194091329928752 0.021587388481548616 0.023322089341672944
0 0.42158909047352716 0.24922906621856036 0.07298593248523559 0.030610242260945775
0 0.4066835127124579 0.2645341873490332 0.08840549568634173 0.014576305838545557
0 0.40565554183238417 0.286034238460888 0.1007411462472266 0.037169579888291296
0 0.24054518593725518 0.4340095063426956 0.030839126402212286 0.010932229378909142
0 0.2986255406614215 0.4361959522184776 0.09354535008671033 0.024050904633600517
0 0.28680387554057346 0.4504078504110594 0.11718868032840636 0.01166104467083656
0 0.31096119122230637 0.4573315956843686 0.06065028192435058 0.016762751714327423
0 0.752474684213977 0.7558468772043618 0.05551042752398212 0.023322089341673426
0 0.7606984512545677 0.7671435142292339 0.10690897152766894 0.012389859962763837
0 0.7627543930147153 0.7839062659435612 0.06784607808486683 0.031339057552873015
