0 0.09970897011582806 0.17824198017608311 0.08661587302991126 0.05538993806268727
0 0.21956116651768212 0.17540147053184277 0.07654425988689834 0.05254942841844677
0 0.3394133629195361 0.1803723624092634 0.07050129200109055 0.051129173596326606
0 0.45624407537848627 0.1825027446424437 0.08258722777270605 0.046868409129966045
0 0.5750891104660389 0.19883567509682581 0.06244400148668021 0.051129173596326606
0 0.701991436068002 0.22155975225074875 0.06244400148668021 0.04260764466360552
0 0.8077433740696379 0.2577762502148135 0.06848696937248804 0.04402789948572572
0 0.09467316354432166 0.5013499522084252 0.06445832411528284 0.09657732790417249
0 0.21452535994617566 0.5020600796194852 0.07452993725829579 0.09799758272629269
0 0.33538471766233097 0.49992969738630477 0.06647264674388537 0.09657732790417253
0 0.4572512366927878 0.5006398247973655 0.060429678858077256 0.0951570730820524
0 0.5811320783518467 0.5091613537300862 0.08258722777270613 0.1008380923705331
0 0.6899055002963866 0.5049005892637254 0.07855858251550142 0.09799758272629272
0 0.8067362127553366 0.5020600796194852 0.06647264674388552 0.10083809237053303
0 0.2205683278319834 0.8047149619584747 0.06647264674388545 0.09799758272629262
0 0.33337039503372834 0.8040048345474144 0.07855858251550096 0.10225834719265336
0 0.4502011074926785 0.84732260662208 0.06244400148668021 0.11504064059173473
0 0.5640103360087247 0.8700466837760031 0.0725156146296932 0.14060522738989817
0 0.6899055002963865 0.8558441355548012 0.0785585825155009 0.11504064059173501
0 0.8077433740696379 0.784831394448792 0.064458324115283 0.08379503450509106
