0 0.3657339212501099 0.4299498688781995 0.05486008818751829 0.05422791139004249
0 0.8165009791908738 0.43705114298880204 0.02743004409375814 0.029696237189785746
0 0.7963856135221178 0.5158107285791033 0.07863279306877402 0.027113955695021588
0 0.80370029194712 0.5545449510005628 0.05303141858126594 0.03486080017931357
0 0.18926730424693272 0.4499625504626219 0.07497545385627284 0.032278518684549694
0 0.20389666109693713 0.718531317070727 0.0566887577937673 0.025822814947639758
0 0.2550994100719528 0.7398351394025298 0.06034609700626842 0.03744308167407766
0 0.2679000973157067 0.7630756728554056 0.049374079368765006 0.03227851868454976
0 0.2322410399938208 0.8147213027506851 0.03291605291251006 0.032278518684549624
0 0.1819526258219305 0.8302149917192689 0.04205940094376281 0.04002536316884146
0 0.1206921940125368 0.8244048583560499 0.04388807055001338 0.04131650391622358
0 0.08503313669065092 0.7895440581767363 0.045716740156263924 0.03615194092669555
0 0.09326214991877844 0.7430629912709847 0.051202748975015616 0.03873422242145964
0 0.8183296487971244 0.814075732376994 0.03840206173126162 0.028405096442403563
0 0.7799275870658627 0.8734682067565653 0.08960481070627722 0.03615194092669555
0 0.812843639978373 0.9347973922572098 0.06034609700626831 0.03227851868454948
0 0.43339469668138214 0.4276961181466088 0.04754540976251448 0.05035448914789754
0 0.5028841417189033 0.4251138366518448 0.04754540976251448 0.05293677064266142
0 0.5742022563626751 0.4231771255307718 0.051202748975015595 0.05422791139004346
0 0.6080326440783104 0.4483543701047205 0.06400343621876964 0.021949392705493766
