0 0.8881244476362673 0.6491970589363144 0.021086052459425134 0.184633126875624
0 0.8504707825301508 0.6740515183234176 0.032131127557219516 0.20593694920742678
0 0.7560855953308189 0.69322495842204 0.014057368306283563 0.031245606086644104
0 0.6938315356887063 0.7862516492709122 0.0240983456679146 0.3167168253328011
0 0.5768541494257043 0.6385451477704129 0.02911883434873026 0.146286246678379
0 0.5407066309238325 0.6250527269602713 0.021086052459425277 0.12498242434657626
0 0.41670056050768894 0.7443541320183669 0.02409834566791453 0.12214191470233572
0 0.379548944269654 0.7230503096865641 0.028114736612566985 0.07953427003873018
0 0.27964121952142507 0.6158210706164902 0.02711063887640377 0.12924318881293667
0 0.2766289263129357 0.7983238152589338 0.01907785698709901 0.12214191470233601
0 0.06325815737827567 0.5668222792533437 0.012049172833957265 0.025564586798163303
