0 0.8353445882698287 0.19031414616410472 0.06410318183365604 0.0908963086156918
0 0.7171543467640257 0.2442838294046717 0.048077386375241955 0.0994178375484129
0 0.5859431464482612 0.17895210758714325 0.0420677130783367 0.07953427003873033
0 0.48177547596857034 0.26771803396965477 0.04607416194294032 0.08663554414933124
0 0.349562663436655 0.17895210758714325 0.0580935085367507 0.08805579897145142
0 0.24339176852466235 0.16759006901018178 0.07812575285976812 0.06533172181752848
0 0.11017734377659613 0.18889389134198453 0.06009673296905245 0.11646089541385508
0 0.8273316905406218 0.4835967669319228 0.044070937510638404 0.09799758272629262
0 0.7111446734671205 0.4935385506867641 0.048077386375241955 0.12072165988021574
0 0.5849415342321103 0.5446677242830907 0.048077386375241817 0.10935962130325415
0 0.4797722515362686 0.563131036970653 0.04607416194294011 0.12640267916869646
0 0.364586846678918 0.5056107166747857 0.052083835239845444 0.11362038576961489
0 0.23337564636315364 0.49992969738630494 0.046074161942940214 0.12498242434657633
0 0.12419991480270834 0.5538993806268719 0.06810963069825941 0.12214191470233579
0 0.8193187928114147 0.8316998035787581 0.04407093751063854 0.061070957351168006
0 0.7091414490348187 0.7599769350616888 0.04407093751063854 0.059650702529047805
0 0.5979624930420716 0.8522934984995006 0.04607416194294018 0.06533172181752846
0 0.4827770881847212 0.7500351513068475 0.06410318183365589 0.04260764466360555
0 0.3705965199758234 0.8245985294681571 0.08814187502127688 0.06391146699540826
0 0.2443933807408132 0.8750175756534238 0.07612252842746642 0.11646089541385521
