0 0.15024183242263103 0.05164562989527943 0.08510809004287768 0.028170343579243334
0 0.6339684258295992 0.12735342826449586 0.04168559512304221 0.0269965792634415
0 0.25098202063664954 0.14906806810682924 0.026053496951901352 0.018780229052828865
0 0.30829971393083255 0.15024183242263106 0.03647489573266188 0.02347528631603609
0 0.402960752856074 0.14906806810682927 0.024316597155107828 0.021127757684432494
0 0.4594099962518603 0.15141559673843288 0.03300109613907495 0.018780229052828865
0 0.5636239840594657 0.15082871458053196 0.015632098171140783 0.0199539933686307
0 0.6174678777600617 0.15024183242263106 0.029527296545488257 0.021127757684432494
0 0.45072549726789296 0.31809012958228877 0.04342249491983539 0.02112775768443246
0 0.6261523767440289 0.31926389389809096 0.02257969735831452 0.023475286316036056
0 0.8354488022576362 0.3216114225296946 0.04515939471662904 0.023475286316036126
0 0.45419929686148003 0.34919488395103704 0.04689629451342242 0.0223015220002344
0 0.6270208266424255 0.35036864826683883 0.027790396748694733 0.022301522000234327
0 0.8380541519528264 0.35154241258264063 0.05731769329418285 0.026996579263441588
0 0.45767309645506704 0.38088652047768584 0.05731769329418275 0.024649050631837678
0 0.628757726439219 0.3820602847934876 0.027790396748694733 0.02464905063183785
0 0.84239640144481 0.37971275616188394 0.06252839268456313 0.02464905063183785
0 0.45246239706468655 0.40729621758322637 0.05037009410700932 0.021127757684432494
0 0.6322315260328057 0.4078830997411276 0.03126419634228159 0.022301522000234622
0 0.8406595016480165 0.4119912748464336 0.05210699390380256 0.02817034357924328
0 0.4507254972678932 0.4401616184256769 0.05037009410700925 0.02347528631603609
0 0.640916025016773 0.44192226489937964 0.031264196342281565 0.022301522000234258
0 0.84500175114 0.44133538274147865 0.05384389370059594 0.025822814947639685
0 0.45246239706468655 0.46539755121541576 0.053843893700596085 0.022301522000234327
0 0.6226785771504421 0.46950572632072207 0.029527296545488257 0.02347528631603609
0 0.8363172521560329 0.4706794906365239 0.04689629451342256 0.025822814947639685
0 0.44638324777590965 0.4988498342157673 0.0486331943102158 0.025822814947639758
0 0.6261523767440289 0.5017842450052717 0.02257969735831452 0.022301522000234327
0 0.824158953578479 0.5035448914789744 0.06426529248135665 0.025822814947639758
0 0.44290944818232275 0.5276070599529115 0.0486331943102158 0.022301522000234258
0 0.6339684258295992 0.5287808242687133 0.027790396748694803 0.022301522000234258
0 0.8380541519528265 0.5323021172161186 0.06079149288776975 0.029344107895045043
0 0.4507254972678932 0.5563642856900557 0.053843893700596085 0.02347528631603616
0 0.6339684258295993 0.5557774035321548 0.02431659715510797 0.01995399336863059
0 0.8441333012416036 0.560472460795362 0.052106993903802704 0.022301522000234258
0 0.4489885974710998 0.5851215114271998 0.04689629451342249 0.02464905063183785
0 0.6339684258295992 0.5857083935851009 0.03473799593586833 0.023475286316036018
0 0.8354488022576362 0.5892296865325062 0.06252839268456313 0.02817034357924335
0 0.4455147978775129 0.6150525014801459 0.04342249491983551 0.021127757684432424
0 0.6226785771504421 0.6162262657959477 0.029527296545488257 0.021127757684432424
0 0.8311065527656527 0.6191606765854523 0.05037009410700918 0.022301522000234258
0 0.4472516976743063 0.6455703736909928 0.039948695326248757 0.021127757684432567
0 0.6252839268456322 0.6467441380067946 0.024316597155108043 0.02347528631603609
0 0.8337119024608428 0.6485047844804973 0.05905459309097637 0.022301522000234327
0 0.44985704736949644 0.674327599428137 0.04515939471662911 0.024649050631837924
0 0.6244154769472354 0.6766751280597407 0.02257969735831459 0.026996579263441588
0 0.830238102867256 0.6801964210071461 0.055580793497389466 0.026996579263441445
0 0.44117254838552933 0.7042585894810831 0.052106993903802704 0.025822814947639758
0 0.6200732274552518 0.7071930002705875 0.02431659715510797 0.022301522000234258
0 0.8363172521560329 0.7095405289021912 0.053843893700596085 0.024649050631837924
0 0.4385671986903392 0.735950226007732 0.053843893700596085 0.025822814947639758
0 0.6209416773536486 0.7336026973761283 0.02257969735831459 0.021127757684432424
0 0.8363172521560329 0.7382977546393354 0.04689629451342256 0.025822814947639616
0 0.44117254838552933 0.7647074517448761 0.052106993903802704 0.022301522000234258
0 0.6183363276584585 0.7664680982185789 0.027790396748694803 0.021127757684432567
0 0.8484755507335869 0.7723369197975879 0.053843893700596085 0.02817034357924328
0 0.4394356485887359 0.795225323955723 0.055580793497389466 0.0223015220002344
0 0.6278892765408223 0.7969859704294256 0.036474895732661994 0.025822814947639758
0 0.8311065527656527 0.7975728525873267 0.04342249491983566 0.031691636526648775
0 0.44464634797911623 0.8257431961665699 0.0486331943102158 0.022301522000234258
0 0.6278892765408223 0.8263300783244708 0.022579697358314447 0.02347528631603609
0 0.8293696529688593 0.8269169604823716 0.053843893700596085 0.024649050631837924
