0 0.2438990786081672 0.1557905364609668 0.055533944052321156 0.02774352019167903
0 0.2761688028547863 0.1792658227770029 0.07204403552733556 0.034145871005143394
0 0.21838348269223573 0.2315516877536284 0.07954862256143277 0.023475286316036056
0 0.29718164655025914 0.23368580469145023 0.06003669627277961 0.0320117540673219
0 0.20262384992063118 0.27636814344787947 0.04802935701822367 0.03627998794296481
0 0.24239816120134772 0.33078812536232677 0.049530274425043215 0.02774352019167903
0 0.2814220137786545 0.3510622362716307 0.07654678774779405 0.02774352019167907
0 0.2206348588024651 0.4022810427793458 0.08705320959553045 0.03201175406732197
0 0.43676696538447163 0.4140186859373638 0.08405137478189136 0.025609403253857646
0 0.5112568805511407 0.43642691378448467 0.06492845555145937 0.02134116937821705
