0 0.14837676139945355 0.2881591395293432 0.10775965911692159 0.03873422242145956
0 0.3663828409975338 0.2922673146346493 0.06631363637964387 0.035212929474054175
0 0.573612954683921 0.29109355031884765 0.019894090913893124 0.02347528631603609
0 0.16246840913012794 0.5105874773737853 0.06631363637964408 0.030517872210847088
0 0.3730142046354977 0.5129350060053889 0.08620772729353725 0.0375604581056578
0 0.5777575569576489 0.5211513562160015 0.08123420456506408 0.03286540084245061
0 0.7957636365557286 0.5176300632685961 0.09283909093150172 0.03286540084245068
0 0.13594295457827038 0.6919340641651643 0.11273318184539498 0.09037985231673965
0 0.35477795463109574 0.6901734176914615 0.09947045456946604 0.08685855936933365
0 0.56449482968172 0.6854783604282543 0.11770670457386814 0.0962486738957481
0 0.7949347161009831 0.7013241786915786 0.13760079548776133 0.11385513863277509
0 0.49154982966411154 0.8773416289987115 0.24370261369519192 0.036386693789855824
0 0.3978818182778643 0.9430724306836126 0.09283909093150164 0.08568479505353181
0 0.800737159284202 0.9436593128415134 0.09947045456946611 0.03756045810565766
