0 0.10341559416837143 0.2088846880907372 0.06894372944558096 0.11153119092627596
0 0.2505839397156693 0.2060491493383743 0.08750550275785277 0.10586011342155005
0 0.3937747624103375 0.20321361058601134 0.06098868374032158 0.10775047258979205
0 0.5396172670067587 0.19659735349716448 0.07159541134733409 0.10964083175803406
0 0.6867856125540566 0.19754253308128547 0.06894372944558086 0.11909262759924384
0 0.8366056400031074 0.19281663516068054 0.0768987751508402 0.11342155009451796
0 0.10474143511924801 0.4952741020793951 0.09280886656135898 0.1058601134215501
0 0.24528057591216304 0.498109640831758 0.0875055027578528 0.10396975425330822
0 0.3964264443120905 0.4962192816635161 0.0875055027578528 0.10775047258979215
0 0.5369655851050056 0.4952741020793951 0.06629204754382784 0.11342155009451801
0 0.6841339306523033 0.49338374291115317 0.07424709324908718 0.11342155009451801
0 0.8313022761996011 0.5614366729678639 0.0928088665613589 0.11342155009451782
0 0.10606727607012456 0.8393194706994328 0.08485382085609966 0.10586011342155004
0 0.24793225781391615 0.8440453686200378 0.08220213895434654 0.11909262759924388
0 0.3911230805085843 0.8742911153119093 0.07689877515084036 0.11531190926275997
0 0.5343139032032524 0.7863894139886578 0.07689877515084027 0.11342155009451801
0 0.6814822487505503 0.7863894139886578 0.08485382085609963 0.1096408317580341
0 0.8366056400031074 0.7939508506616257 0.08220213895434654 0.11342155009451788
