0 0.20663760825300606 0.23062381852551983 0.1519786280054367 0.04536862003780719
0 0.51459430184297 0.23440453686200377 0.14931233628604304 0.04914933837429107
0 0.8238841412926309 0.24291115311909267 0.12798200253089406 0.05482041587901701
0 0.18664042035755388 0.3818525519848771 0.17597525347997936 0.049149338374291106
0 0.493263968087821 0.3809073724007561 0.19730558723512842 0.05103969754253306
0 0.843881329188083 0.3818525519848771 0.19997187895452215 0.041587901701323274
0 0.21330333755149014 0.5444234404536862 0.1706426700411921 0.11720226843100186
0 0.20930389997239973 0.636105860113422 0.16797637832179851 0.07372400756143649
0 0.44527071713873567 0.5888468809073725 0.22930108786785183 0.17580340264650288
0 0.8025538075374817 0.5888468809073725 0.25063142162300095 0.2136105860113421
0 0.16930952418149534 0.8638941398865785 0.2746280470975436 0.2268431001890359
0 0.49992969738630505 0.8610586011342156 0.30662354773026723 0.22117202268431002
0 0.7852229113614232 0.8412098298676749 0.2426325464648201 0.18525519848771269
