0 0.13936440710715067 0.47417718505236023 0.06601471915601874 0.10716468203270474
0 0.559291370627381 0.6933540724967784 0.2530564234314052 0.052936770642661626
0 0.4776898427817467 0.7611389617343326 0.031173617379231047 0.020658251958111863
0 0.44284874100495913 0.8095567397611572 0.04217607057190086 0.04260764466360555
0 0.37316653745138184 0.8605567992827399 0.22188280605217467 0.04648106690575405
0 0.734413750610702 0.865721362272265 0.12652821171569748 0.051645629895286156
0 0.572127566018829 0.9173669921675528 0.2933987518045276 0.05164562989527937
0 0.22188280605217414 0.9199492736623168 0.21271409505828268 0.05422791139004346
0 0.2530564234314044 0.8031010360242459 0.12102698511936745 0.04518992615836951
0 0.14486563370348557 0.7017464873547613 0.07334968795113195 0.11620266726437876
