0 0.09494032749056107 0.30907372400756145 0.08439140221383207 0.11909262759924388
0 0.26108590059904296 0.24763705103969755 0.08439140221383212 0.12476370510396975
0 0.4311873206862982 0.25992438563327025 0.09230309617137877 0.12665406427221168
0 0.6012887407735534 0.2296786389413989 0.06856801429873861 0.07372400756143666
0 0.783257701797129 0.2570888468809074 0.08966586485219664 0.12476370510396975
0 0.07779832391587645 0.5586011342155008 0.07647970825628532 0.13043478260869562
0 0.2558114379606785 0.5586011342155008 0.06856801429873859 0.15689981096408318
0 0.44041763030343617 0.55765595463138 0.073842476937103 0.1361058601134215
0 0.6144748973694648 0.5378071833648393 0.06329355166037402 0.09640831758034026
0 0.7872135487759021 0.5708884688090737 0.09230309617137877 0.16257088846880904
0 0.08043555523505869 0.8468809073724007 0.07647970825628532 0.12476370510396975
0 0.2676789788969986 0.8478260869565217 0.0553818577028273 0.11153119092627606
0 0.4417362459630273 0.8752362948960303 0.07647970825628526 0.17013232514177687
0 0.6157935130290558 0.8733459357277883 0.08175417089464972 0.170132325141777
0 0.7753460078395821 0.8544423440453687 0.07384247693710322 0.13610586011342163
