0 0.8118893585090917 0.17611159794290288 0.07463330749027676 0.03976713501936517
0 0.6848110241337557 0.17540147053184277 0.06253060897834004 0.05538993806268719
0 0.5688268300610284 0.17753185276502306 0.048410794047747105 0.04544815430784592
0 0.4548597524069571 0.1711407060654822 0.06253060897833997 0.05538993806268719
0 0.328789976240949 0.1718508334765423 0.05647925972237161 0.04260764466360552
0 0.20877154933090936 0.16687994159912165 0.050427910466403214 0.04970891877420645
0 0.08673600600221354 0.24854459387103225 0.04437656121043485 0.04260764466360559
0 0.8038208928344672 0.5034803344416052 0.06253060897834 0.09799758272629265
0 0.8653429436034793 0.6078690638674389 0.05244502688505946 0.04260764466360555
0 0.6868281405524118 0.5027702070305452 0.06656484181565232 0.09657732790417256
0 0.5688268300610282 0.5070309714969059 0.0605134925596839 0.09373681825993216
0 0.4518340777789728 0.5070309714969058 0.07261619107162062 0.10509885683689368
0 0.3358498837062454 0.5304651760618888 0.05849637614102773 0.15480777561110004
0 0.20978010754023738 0.5262044115955282 0.07261619107162062 0.14344573703413857
0 0.08774456421154159 0.5027702070305452 0.06656484181565224 0.09373681825993216
0 0.9127451794418983 0.854423880732681 0.04639367762909103 0.07243299592812946
0 0.8038208928344673 0.8757277030644838 0.06656484181565218 0.12072165988021567
0 0.6797682330871154 0.7848313944487921 0.048410794047747036 0.08095452486085052
0 0.5658011554330441 0.8182073827686164 0.058496376141027755 0.11646089541385521
0 0.4558683106162851 0.8054250893695348 0.06454772539699605 0.09941783754841296
0 0.33887555833422955 0.8601049000211618 0.060513492559683864 0.07243299592812946
0 0.219865689633518 0.8778580852976642 0.08875312242086966 0.10509885683689361
