0 0.8955745983371821 0.13988657844990549 0.039321216278241165 0.12854442344045366
0 0.8060849337039435 0.16257088846880907 0.036609408259052144 0.17391304347826086
0 0.7132055090467188 0.18998109640831756 0.02982988821107952 0.2098298676748582
0 0.6264276524326694 0.19754253308128547 0.062371584441347994 0.24763705103969758
0 0.519311235674702 0.1947069943289225 0.037965312268646655 0.23818525519848768
0 0.5301584677514584 0.41493383742911155 0.027118080191890426 0.05860113421550096
0 0.4250759070078828 0.1493383742911153 0.028473984201484937 0.1512287334593573
0 0.4189743389647074 0.2589792060491493 0.018982656134323293 0.06049149338374292
0 0.4318554270558554 0.3204158790170133 0.04474483231661921 0.06238185255198491
0 0.34372166643221147 0.1228733459357278 0.03118579222067403 0.11342155009451797
0 0.3410098584130224 0.2457466918714556 0.039321216278241165 0.12098298676748585
0 0.2460965777414058 0.1446124763705104 0.03389760023986309 0.1266540642722117
0 0.1498273930601947 0.111531190926276 0.04203302429743019 0.07561436672967865
0 0.15118329706978925 0.19754253308128547 0.04203302429743019 0.06616257088846883
0 0.0508464003597946 0.14272211720226843 0.04474483231661924 0.1606805293005671
0 0.05898182441736173 0.6578449905482041 0.03932121627824115 0.2722117202268432
0 0.1559289611033701 0.5482041587901701 0.05152435236459187 0.06427221172022676
0 0.24745248175100037 0.5954631379962193 0.047456640335808264 0.10964083175803402
0 0.3423657624226169 0.6351606805293007 0.03932121627824111 0.2192816635160681
0 0.4196522909695047 0.551984877126654 0.03389760023986305 0.08317580340264655
0 0.4372790430942335 0.6805293005671078 0.04203302429743012 0.18525519848771274
0 0.5220230436938911 0.6398865784499056 0.0433889283070247 0.2400756143667298
0 0.5532088359145653 0.6096408317580341 0.024406272172701405 0.05860113421550096
0 0.6210040363942914 0.5907372400756143 0.0433889283070247 0.13421550094517953
0 0.7132055090467188 0.5907372400756142 0.05152435236459167 0.13421550094517948
0 0.7138834610515161 0.7589792060491493 0.04203302429743019 0.05860113421550096
0 0.698290564941179 0.6890359168241966 0.027118080191890357 0.062381852551984876
0 0.8026951736799574 0.5897920604914934 0.04338892830702463 0.13232514177693758
0 0.9009982143755602 0.668241965973535 0.05288025637418627 0.30434782608695643
